Time,User,Message
0.0,14f6b8f356dd55f626775e2a8a70223534035ee5,a008420a51ef43de78ff439ba519a9de861d8ca2 it's weird 
2.0,6e5b094e893ffdc94b2874c2abb2e9c8eb55fec2,1bb915757d2316b621f1ba540503c600574c974d 1 
6.0,6092c942ceae06487ace56363c350ef2871cd734,doc shoots lul 
7.0,fb0d6e48dc35c2f87ff30aa4c3f7350d13464e35,doc dont spe 
7.0,091c46a6e8cb7a77ba37f7d28429a3eaa0d848a1,kill em 
7.0,e2372e28cb2d14fe30a0b2ca7fff8003ec6a5771,doctoraim 
10.0,8f7cb17d802ce571f282d12db6da0b13ce0cab5a,pan him 
10.0,b0578643c220f6f7e016f501c584de6d5893df87,whole team out in an open field lul 
11.0,fc5c8739a42e3f2bf2d51adc13db217e0ef2239a,tell them baby 
11.0,82b43e600e6d5fa061b26041a220a62c619487be,doctoryaya doctoryaya doctoryaya doctoryaya doctoryaya doctoryaya doctoryaya doctoryaya doctoryaya doctoryaya doctoryaya doctoryaya doctoryaya doctoryaya 
11.0,2b44f6ebdbc770f25a22e73c0b0ce6146abd6fce,doctorhandshake doctorhandshake doctorhandshake doctorhandshake doctorhandshake doctorhandshake doctorhandshake doctorhandshake doctorhandshake doctorhandshake doctorhandshake indyfoxwov indyfoxwov indyfoxwov 
11.0,ab5716fc35a4e3346fed87962a54cb3ac8d10afc,nda'd outta our damn minds~ 
14.0,4f9e443ee6e15883b1ce11eaf49f1b29980dd4ca,the doc is focused doctorthink doctorthink 
17.0,d7cd096c60fbf4238d956103683be91271a87cbb,doctorwarcry doctorwarcry doctorwarcry 
18.0,e252bcb6d1c5299c77b1ccb02ee7943c2159b7c0,lul 
21.0,9ef8b6ca80545c7154bdf96e87b84ddf5b275e78,doctorspit doctorspit doctorspit doctorspit doctorspit doctorspit doctorspit doctorspit doctorspit doctorspit 
21.0,1bb915757d2316b621f1ba540503c600574c974d,6e5b094e893ffdc94b2874c2abb2e9c8eb55fec2 cheers 9 
21.0,6092c942ceae06487ace56363c350ef2871cd734,holy 
21.0,af4f0b54eb4893aa551bd49afc22e86a036f995b,lul 
24.0,595d9f6e305e524601ff089e964702465a996481,what 
24.0,32195c67027e0f5c2912728ad930fd3bf8949f5c,nice shot doc 
25.0,cfc7fcc8dfb243a9ae1dbe0b0f374b8ca0ade427,so much better!~ 
27.0,fc5c8739a42e3f2bf2d51adc13db217e0ef2239a,lul 
27.0,e2372e28cb2d14fe30a0b2ca7fff8003ec6a5771,doctoraim doctoraim doctoraim doctoraim doctoraim doctoraim 
28.0,6e5b094e893ffdc94b2874c2abb2e9c8eb55fec2,doctor3 doctor6 doctor0 pan 
28.0,8f7cb17d802ce571f282d12db6da0b13ce0cab5a,lul 
31.0,292cef57b539487d22e322a6c1140be03b3de5aa,doctor3 doctor6 doctor0 
31.0,50aed7ec05dfd385a0285a71e3150c7e3c4d0e8d,lul 
31.0,866517f60ec4536b21fcb3a80c2a305c1846992f,in the bluey 
32.0,026e91d6e4dc71c216032fb61aeb4193b6f48c7b,better 
33.0,eadf10467d391aafd3396e2c998cb364d2315faa,doctorwarcry doctorwarcry doctorwarcry doctorwarcry 
33.0,a685440bc560b16d090d6be66edf3178bb5c1a67,doctoraim doctoraim doctoraim doctoraim doctoraim doctoraim 
34.0,59168daac8e841ae04247b4dbc5e9bf297995a44,night 
34.0,b46bd49299e192c959b7c1b021bff12046a78b5d,lul 
34.0,091c46a6e8cb7a77ba37f7d28429a3eaa0d848a1,melted 
35.0,e1a4dd061d8a0b746045d252d93b9f212fde81fb,lul 
36.0,31caf625c34561d7680f97b22da5908b311c83ea,lmao 
36.0,14f7c698d7bf146cc5a8d138fd331aa7cfd7f4b1,doctor3 doctor6 doctor0 
38.0,6092c942ceae06487ace56363c350ef2871cd734,lul 
38.0,f825f4e55b3ead75b3b493bfdebcecddeb734b45,bot lol 
38.0,5d72b4b378dd311d960f796b6c664ac6fc834276,lololol 
38.0,b05dabde04f6c38daf89538d27bdb00b3ff6fd3e,lmaooo 
38.0,c5a8263e1107b48b129b01fb75ac4cda1f5bcf33,hs18gg 
38.0,04cb55bbe1f362d3b8ca9fea200c22900f2217d5,lul 
38.0,0be0455b21297760f18ead433c8411fcc94c0e8a,lul 
39.0,4f9e443ee6e15883b1ce11eaf49f1b29980dd4ca,lul 
40.0,e2999dd3e16e438ffc67dead32e70293d8f94eef,lul 
40.0,595d9f6e305e524601ff089e964702465a996481,omggggg 
41.0,7b925b27a731a20707e7c4605db0afdd785c1b9d,he just blue himself 
41.0,cf54dd26d38c568d02bce88462665f8eadad194f,better 
41.0,8fc2fe1dc9575fd3c292fb6730a144c711dee4b0,lmfao 
42.0,1ae55cbb7fc13573cdcd2a8cebef5664c80369a7,why doc 
42.0,678406f57cf13f967f1b7ae67b75127328c0af6b,lul 
43.0,68a426fb30dfce4e0f37073db1d800f33ef3d3e4,doctorthink doctorthink doctorthink doctorthink doctorthink doctorthink doctorthink 
43.0,907992bf0760d7217a05d97ea58d0dcb141f76aa,“don't shoot” what am i hearing doctorwarcry 
43.0,8a46f24c98339825cae66fcff54130bd627e8cdb,lul 
43.0,05743c5b6bfccbbe6fe6bd8f135f16c085ecd9d0,doc hates squads 
43.0,96e6fba1a9f868fba245b52579194cc06df82762,lul 
43.0,e5a34d618fae681e1728bdc81671a226d03bcf35,hahaha 
43.0,52829d72972eac9eee26075a0ea1232a89fe8789,lul lul lul 
44.0,c8570e68e954b5bd2d24968553e943c45887f08e,lul 
44.0,4ab30646a05991f61f0ad52a07f18b4b5ef418fa,come on doc 
44.0,6ee885c7b713a0277d38f84d51da50e894b8889d,lolol 
44.0,025d8b0b1c773a6ace61a808ddcef0e03cbea6bd,ez 
44.0,9db490c14af7d7fc7e0791b521bdfc180bb5d0f1,lul lul lul 
44.0,32195c67027e0f5c2912728ad930fd3bf8949f5c,hahahahahaa 
44.0,2bac3ab96c674b05e671639031db274e2d0eaccb,ez 
44.0,d7cd096c60fbf4238d956103683be91271a87cbb,lul 
45.0,0738ada650df97f5d3e3cb9c1a2ed2fcb7d69f27,no scope 
45.0,569637d8d27bbb6f39ae16bf4d79f495365e14ad,lul lul lul lul 
45.0,7ecc39647c0bc56911d2de41c8f7654e3d366b8e,lul lul 
45.0,4b42eafb0098b5d83e333c1c9d9c5cf4311063be,doctortrophy1 doctortrophy3 doctortrophy1 doctortrophy3 doctortrophy1 doctortrophy3 doctortrophy1 doctortrophy3 doctortrophy1 doctortrophy3 doctortrophy1 doctortrophy3 doctortrophy1 doctortrophy3 doctortrophy1 doctortrophy3 doctortrophy1 doctortrophy3 doctortrophy1 doctortrophy3 doctortrophy1 doctortrophy3 doctortrophy1 doctortrophy3 
45.0,61676495ef772cf7aa9889f21c7f7da1db3061a4,whats the over/under on 4a66d99ed4c0af6ca2093197d80efb886b483266 being on stage with cd projekt red during cyberpunk e3 presentation 
45.0,91593d94748ddfd24ea2f18c68715297f8fc9e7b,bahahahahahahaha 
45.0,06b8dda52380611c5817d69738113e57eafea9a2,doctoryaya doctoryaya doctoryaya doctoryaya doctoryaya doctoryaya doctoryaya doctoryaya doctoryaya doctoryaya doctoryaya doctoryaya doctoryaya doctoryaya 
46.0,4896b5ef60a5e5f493ed1a4b36e911cf6c6bb491,lul 
46.0,5c88cf7d08f3cd03bf33d192f3f1b290d074db3e,doctoryaya doctoryaya doctoryaya 
46.0,f4ea90381b9906a07a73c784ab0d00997f27de33,hahahahahahaha doc 
46.0,10345d115b57b53b74f5f53851e73331fe966846,doctorthink doctorthink doctorthink 
46.0,87d760f43e9681d4c58903dfd34bb620e246df17,lul 
47.0,94f100bea11aaf7dea7fc00906890c86bc47f05a,lul 
47.0,ef7152c2bccbcb4f7dba097e6641489f6277799a,lol wtf doctorhandshake doctorjawline 
47.0,81110c59ac479a4e368381af414e94ffb484af05,doctorsituation doctorsituation doctorsituation doctorsituation doctorsituation doctorbest doctorbest doctorbest doctorbest doctorbest 
47.0,fec1372925b51e7310badb0b8e6ae4e1120b3b80,way better 
47.0,721528009ae4bf851ccf7219e6ab4b4553834fec,lul lul lul 
47.0,c47ec8e7fc351f63b73d0f90c9f988975cf3832f,lul lul lul lul lul lul lul 
48.0,8f7cb17d802ce571f282d12db6da0b13ce0cab5a,bwahahahaha 
48.0,a97ced89c39e9efc7cd930ed9a11282cf086995a,no scope pog 
48.0,b24588f9d584b91395fa1a860810edbfc25458f2,lul lul lul lul 
49.0,3f11326851d9bf95b937f19487e25a9482e04d15,lul lul lul lul 
49.0,6a09748138eb20b3a4eba3e9812a0fe5043a8ab6,lul lul lul 
49.0,f636948278940978da671858e5edbeccf83f40be,lul 
50.0,8cf66b99bd396a40993d9555e35aab02fa95cef7,tf was that 
50.0,5b15b63d18fb68e1e5b5ce54a97ff84e4b05416c,doctorwarcry lul lul lul lul lul lul 
50.0,02e097adfac21135ed768f2b1c49774fbdcc35d3,lul 
50.0,5444a9246e56eed7ed0c30d82d9fe8660f7bed62,wow 
50.0,a008420a51ef43de78ff439ba519a9de861d8ca2,14f6b8f356dd55f626775e2a8a70223534035ee5 yeah people tell me to refresh doesn't seem to make a difference it's always slightly delayed 
50.0,4968afbc2415e5f6108ad384ab5f313307bb941b,lul lul lul lul 
50.0,06ebe54775eac71afb364863752005378bd5787e,better 
51.0,091c46a6e8cb7a77ba37f7d28429a3eaa0d848a1,lul lul lul lul lul 
51.0,e2372e28cb2d14fe30a0b2ca7fff8003ec6a5771,doctoryaya doctoryaya doctoryaya doctoryaya doctoryaya doctoryaya doctoryaya 
51.0,dda621b7ca384ac570f93576b109941cafb39bc0,doctor3 doctor6 doctor0 
51.0,a33b10d8462f5adb53ef06473391e3f0d98207e6,lul 
51.0,22a45f3e946c025a06619cd3ddb5523ade797fc5,doctorheart doctorheart doctorheart doctorheart doctorheart doctorheart lul lul lul lul lul doctoryaya doctoryaya doctoryaya doctoryaya 
52.0,9ef8b6ca80545c7154bdf96e87b84ddf5b275e78,doctordead doctordead doctordead doctordead doctordead 
52.0,cdf4cf0b243c9a8c12597b01bca786ff2434dd30,no scope 
53.0,d761c7703a259ffb273092841b6919e82337b106,pogchamp give away 
53.0,06f0389cd3d19a3f3618ebbcea7c57d8c0c9c947,hahahah get outa here punk 
54.0,90898df9edefedc3bf2f63c053763ab2f6e076c5,lul 
54.0,9cea877bfd37e880747f9e8a2c249f3cfd3074dc,doctorperfect doctorperfect doctorperfect doctorperfect 
55.0,e42b087bbee735ddd204f5c7410ce10d205dff73,had to get a few kills lol 
56.0,b69ac72e7c038c97f0357f0bf8eb26408c3adc44,doctorwarcry doctorwarcry doctorwarcry doctorwarcry doctorwarcry 
56.0,dc630a52fc67205431e171535689dfefbdbe6a83,lul 
57.0,6f879d7f8e2b29997acc8fc130edbf9bcb11ae30,doctorbless doctorbless doctorbless doctorbless doctorbless 
59.0,eb357cf0ec3a9e96741fd307f63c05b0f4a3bfee,squads zzzzzzzzzzzz leave em doc 
59.0,292cef57b539487d22e322a6c1140be03b3de5aa,doctorheart doctorheart doctorheart doctorheart doctorheart doctorheart doctorheart 
60.0,6092c942ceae06487ace56363c350ef2871cd734,lul lul 
62.0,93d1fbc2645de9372c9a807767a33a8f11b39fb9,teepwow teepwow teepwow teepwow teepwow teepwow teepwow teepwow teepwow 
62.0,49eb22983d05749ad86bff7cc2b6efb6d45829b8,thank god doc bunch of silly blonde banged punx wanted to slap each other 
63.0,bc24f5942a3aaddd7c4bcb6e0f2b343486459b09,doctoryaya doctoryaya doctoryaya 
63.0,32195c67027e0f5c2912728ad930fd3bf8949f5c,get em doc 
63.0,fa20bb6c9e018f86a66ca2058f6e0b1f782d6c30,doctorbest 
63.0,80b26aa12eb740eed39aa25698529ed8c9a49966,lul lul lul 
63.0,52a780985b86f19b1a3a370a32608adf47dd8ee8,nice 
63.0,406bfaf2c4153349313368aa7592668fc29f1d85,enter 
63.0,05ef4a3af0447b69cd227d45473efac2712b80bd,fuck a pan fight 
64.0,87a33c9a3c1e125bc8e12e35793adf89ba4a24a3,action packed 
65.0,5b15b63d18fb68e1e5b5ce54a97ff84e4b05416c,doctorbest doctorbest doctorbest doctorbest doctorbest doctorbest doctorbest doctorbest doctorbest doctorbest doctorbest doctorbest doctorbest doctorbest doctorbest doctorbest doctorbest doctorbest doctorbest doctorbest doctorbest doctorbest doctorbest doctorkappa doctorkappa 
65.0,907992bf0760d7217a05d97ea58d0dcb141f76aa,doctoryaya doctoryaya doctoryaya doctoryaya doctoryaya doctoryaya 
65.0,454d7d040a30e622024c1ff51dbccf1c685b4c59,giveaway 
66.0,cfc7fcc8dfb243a9ae1dbe0b0f374b8ca0ade427,see you legalize weed and you game better wake up america 
66.0,2547028363c217d31e701042e2ccea91db894597,doctorjawline doctorjawline doctorjawline doctoryaya doctoryaya doctoryaya 
67.0,edf2343cff1e94a1e62c1f9ff755d30c84c4c256,sick beats 
67.0,a52f6ed92c3b826e2f10dc2525b4813ecc82eb08,i am 99 
68.0,b112576ef7a7dbeb5376042143a25f835b95c624,doctorsnoozefest doctorsnoozefest doctorsnoozefest doctorsnoozefest doctorsnoozefest doctorsnoozefest 
68.0,7b925b27a731a20707e7c4605db0afdd785c1b9d,faxgoodman 
72.0,aa676b49aff7078b6f25a159a322517b2bb7b1cd,doctorflappin doctorflappin doctorflappin doctorflappin 
72.0,9cea877bfd37e880747f9e8a2c249f3cfd3074dc,doctorbest doctorbest doctorbest doctorbest doctorbest doctorbest doctorbest 
73.0,eb6223edfabde0625c69e5727b42e39552a5c718,more deth 
74.0,f4ea90381b9906a07a73c784ab0d00997f27de33,no one has time for your pans lul 
75.0,b48e9db1f9e62ea8ffdc4c95268954ed045e762d,who's all playing cc just got back 
75.0,06f0389cd3d19a3f3618ebbcea7c57d8c0c9c947,hahah so funny 
76.0,5d72b4b378dd311d960f796b6c664ac6fc834276,how does this squad lose 
76.0,c3ae3b8d13e605b181fbbd30f103a06972d47ce3,yuh 
76.0,4b11e7b8d9dc59ccdd7a1daddb085a51f00cf19e,oh yayayayayayaya 
77.0,4f9e443ee6e15883b1ce11eaf49f1b29980dd4ca,i want to kill --- the doc doctorthink 
78.0,fb0d6e48dc35c2f87ff30aa4c3f7350d13464e35,dissapointed leta fkn go doc start dominate 
79.0,406bfaf2c4153349313368aa7592668fc29f1d85,giveaway 
83.0,fec1372925b51e7310badb0b8e6ae4e1120b3b80,to be fair doc didn't have a pan he did have some sick no scopes tho 
84.0,8f56f15d795069b0c47ac43acf7310614e5a281d,giveaway 
84.0,edf2343cff1e94a1e62c1f9ff755d30c84c4c256,doctorlogo1 doctorlogo2 doctorcommitted1 doctorcommitted2 
87.0,fca4e633a047f9625f547a08dfd5d1be1e616620,lul 
87.0,4023157098c6c2befff7458ce53ebd81e7eba850,when's giveaway 
87.0,992a9dfea03162d714a8e7786f16cd3851091e20,yayayayaya 
87.0,02e097adfac21135ed768f2b1c49774fbdcc35d3,who is the lass in lingerie 
88.0,df1d3acffed0c054628e2ec068c5aa3cdf916ecf,doctormomentum doctormomentum doctormomentum doctormomentum doctormomentum doctormomentum doctormomentum doctormomentum doctormomentum doctormomentum doctormomentum doctormomentum doctormomentum doctormomentum doctormomentum doctormomentum doctormomentum doctormomentum doctormomentum doctormomentum doctormomentum doctormomentum doctormomentum doctormomentum doctormomentum doctormomentum 
89.0,bb15f001b4ce9b91137ed5edb153a03fede30ed4,pan oh i thought you can pammmm 
90.0,f328501e5054fe5e5e280cdc5f2d2bfb6615a5a4,giveaway 
91.0,52561bee4a7ae4ff0fd8f038d8aab70844d87497,hahahahahahahah 
93.0,badd7c3abf64bfbeb34c608e1f5ffae8fc5c048e,what up cc 
93.0,87d760f43e9681d4c58903dfd34bb620e246df17,lul some of these names 
95.0,907992bf0760d7217a05d97ea58d0dcb141f76aa,always 
95.0,5d72b4b378dd311d960f796b6c664ac6fc834276,ashek virk break and swag 
96.0,f0fe149d97b17606245e0db99d20edeff0127fe0,ouch 
98.0,8a9a97114d3544af5440c6d0b14376f40caf4a93,got home from work doco time 
98.0,fd2404be06366c3b772e80717d65a2d425aa45bd,wooohoooo bay bee 
100.0,edf2343cff1e94a1e62c1f9ff755d30c84c4c256,friday 
103.0,1060eca84f0f59648daa4b6230991150bbefe828,doc wants to kill kill kill 
103.0,59168daac8e841ae04247b4dbc5e9bf297995a44,all of the fist 
109.0,68dc472c55c49cd39fb6344df9c4b510e7a4b419,doctorhandshake 
109.0,992a9dfea03162d714a8e7786f16cd3851091e20,hey doc will you be at twitchcon 
110.0,4e5cf4cb857a341a92eeb8f10bee5c9b750b98df,aye 
110.0,fa20bb6c9e018f86a66ca2058f6e0b1f782d6c30,doctorjawline doctorjawline doctorjawline doctorjawline doctorjawline doctorjawline doctorjawline doctorjawline 
111.0,02e097adfac21135ed768f2b1c49774fbdcc35d3,all the fist 
112.0,6f546915891e8e5e28c9005f4e20f6aef7db1b80,4a66d99ed4c0af6ca2093197d80efb886b483266 how many jetskiis you got 
112.0,eb6223edfabde0625c69e5727b42e39552a5c718,whole fist eh doctorbless 
112.0,4b11e7b8d9dc59ccdd7a1daddb085a51f00cf19e,doc why are you so good at games 
113.0,bc8266e8aef0be579e746114062e55b10df41eb5,have you tried apex after the patch doc 
113.0,907992bf0760d7217a05d97ea58d0dcb141f76aa,doctorhandshake 
114.0,f4ea90381b9906a07a73c784ab0d00997f27de33,the complete fist lul 
114.0,8a46f24c98339825cae66fcff54130bd627e8cdb,clown 
114.0,61676495ef772cf7aa9889f21c7f7da1db3061a4,kraftfist doctorvaseline 
114.0,05743c5b6bfccbbe6fe6bd8f135f16c085ecd9d0,clown girl doc 
116.0,1bf7752c8cd1293d9314a6d383773824337ddbdb,doctorhandshake doctorhandshake doctorhandshake 
120.0,569637d8d27bbb6f39ae16bf4d79f495365e14ad,entire fist up in your body 
120.0,dfda3d338a5bbda9cc57833cef724128c30f1f2c,fist kreygasm kreygasm kreygasm 
121.0,e1a4dd061d8a0b746045d252d93b9f212fde81fb,doctorpunk doctorpunk 
122.0,3da237cd05718189f655f4767c812ded1edf4e65,4a66d99ed4c0af6ca2093197d80efb886b483266 is it true you cant touch your elbows behind your back 
123.0,b112576ef7a7dbeb5376042143a25f835b95c624,thats what she said doctorthink 
123.0,d6f9bba5c27e8dba0c0dbbc2218fc769dfce8fde,doc 
127.0,fb0d6e48dc35c2f87ff30aa4c3f7350d13464e35,shroud >doc 
131.0,8405f0089bd83a5a60320ff4fac63f2a03584cf1,doctorlogo3 doctorlogo4 
137.0,8a9a97114d3544af5440c6d0b14376f40caf4a93,doco timee doctorhandshake 
137.0,bb15f001b4ce9b91137ed5edb153a03fede30ed4,getem outta here cc 
138.0,8eb786f409d76aa9930970c2ef6d02d4a518e964,tarkov 
138.0,579750d2397b4d645a081600e598f6b2f3c8583c,qotd 
138.0,d0eeeec2069999182266c527f246692991338178,apex patch is actually good hit boxes much more consistent and i can hear everyones footsteps 
139.0,51e899d09b09ba6c7c6bfcd1cc6b321b98ab9ca0,fb0d6e48dc35c2f87ff30aa4c3f7350d13464e35 doctorpunk doctorpunk doctorpunk 
140.0,1060eca84f0f59648daa4b6230991150bbefe828,doctormrsassassinknife doctormrsassassinknife doctormrsassassinknife doctormrsassassinknife doctormrsassassinknife 
141.0,bc8266e8aef0be579e746114062e55b10df41eb5,doc > shroud 
141.0,8a46f24c98339825cae66fcff54130bd627e8cdb,fb0d6e48dc35c2f87ff30aa4c3f7350d13464e35 doctorflappin doctorflappin doctorflappin doctorflappin doctorflappin doctorflappin doctorflappin doctorflappin doctorflappin doctorflappin doctorflappin 
141.0,6a827044dc64103efccf51e961a9a0cf32600d56,dominate them doc 
143.0,6f546915891e8e5e28c9005f4e20f6aef7db1b80,fb0d6e48dc35c2f87ff30aa4c3f7350d13464e35 watch your dumb dum gums 
145.0,ea9aebfd5999c202140226ee5aabea16516eb10c,suck em to die 
147.0,0060bd99b3f1cc278b35c51a744157bbadf64bbf,doctorbangs 
151.0,fb0d6e48dc35c2f87ff30aa4c3f7350d13464e35,doctorwarcry doctorwarcry doctorwarcry doctorwarcry doctorwarcry doctorwarcry doctorwarcry doctorwarcry doctorwarcry doctorwarcry doctorwarcry doctorwarcry doctorwarcry 
152.0,26f7da7cd8fe60943ade8da184264ee393cbb697,doctorcommitted1 doctorcommitted2 
153.0,b3533649b9b453e050caa4031091aeda8c6dc79f,4a66d99ed4c0af6ca2093197d80efb886b483266 did you give a review on endgame 
154.0,4b11e7b8d9dc59ccdd7a1daddb085a51f00cf19e,he too ripped 
155.0,c8570e68e954b5bd2d24968553e943c45887f08e,lul 
157.0,dd39fe6078add78bbc7a0cc914a6eddbd3787813,doctorperfect doctorperfect doctorperfect doctorperfect doctorperfect doctorperfect doctorperfect doctorperfect doctorbest doctorbest doctorbest doctorbest doctorbest doctorbest 
158.0,76839fafc9491daffe9800e9ee4f308f8de0d2b8,lul 
159.0,5c52e0583b40304091cd5c31a15c3f930f399e94,lul 
159.0,90898df9edefedc3bf2f63c053763ab2f6e076c5,lul 
162.0,866517f60ec4536b21fcb3a80c2a305c1846992f,lmao 
163.0,4f9e443ee6e15883b1ce11eaf49f1b29980dd4ca,fb0d6e48dc35c2f87ff30aa4c3f7350d13464e35 get the hell outta here 
164.0,badd7c3abf64bfbeb34c608e1f5ffae8fc5c048e,lol 
165.0,eb6223edfabde0625c69e5727b42e39552a5c718,you wouldn't 
165.0,0d5a52d269ee2fc761dd114e2b4841ed1be6f7d5,docwarcry 
167.0,d796e72dcb540b160de1c9d6e93fc796a39bad34,did they win last game 
167.0,4e5cf4cb857a341a92eeb8f10bee5c9b750b98df,doctorbless doctorbless 
169.0,05ef4a3af0447b69cd227d45473efac2712b80bd,less go doc 
169.0,04cb55bbe1f362d3b8ca9fea200c22900f2217d5,ravagelitgow 
169.0,dcb1d53f088aa074d3ddd793ab8dbc238bdc2ae7,lul 
170.0,3c6f116d8897a00da62dfd5ab28aaef284844675,is pubg the best br 
170.0,907992bf0760d7217a05d97ea58d0dcb141f76aa,too much muscle 
170.0,c8570e68e954b5bd2d24968553e943c45887f08e,doctordance doctordance doctordance doctordance doctordance doctordance doctordance doctordance doctordance doctordance doctordance doctordance 
173.0,477966c07c3c7e38e60511e465456bff8ca8b5be,4a66d99ed4c0af6ca2093197d80efb886b483266 play cod tomorrow 
173.0,eade80b3345b1bbe1a0f15f51b28199d81dd9872,giveaway 
175.0,a08fae124779f3aaecf0893a8375fee999eb0385,wtf 
176.0,fb0d6e48dc35c2f87ff30aa4c3f7350d13464e35,doctordance doctordance doctordance doctordance doctordance doctordance doctordance 
177.0,c8b8e2f9ce463f579a63292ea895d2a1c740f50c,kraftdd 
178.0,b2ae587b0a3ca419170e23346315e6d113f11a9a,doc what was your ft% in college 
179.0,6d50eee60f41695a4493cc1222c16681559bda6e,doc you seem off today what's on your mind 
181.0,87d760f43e9681d4c58903dfd34bb620e246df17,lul that clown clip 
181.0,ce7b713ace415e8929b72708e5978cdbf9fb07b6,fb0d6e48dc35c2f87ff30aa4c3f7350d13464e35 doctorbangs doctorbangs doctorbangs 
182.0,a71212184405502512ea972fc2626b9aba044bd1,doc let's hear your best growl 
182.0,fa20bb6c9e018f86a66ca2058f6e0b1f782d6c30,doctorkappa doctorperfect doctorkappa doctorperfect doctorkappa doctorperfect 
184.0,472422968d8cf042f7900f953f4c50738954ed48,doctorjawline doctorjawline doctorjawline doctorjawline 
185.0,d6f9bba5c27e8dba0c0dbbc2218fc769dfce8fde,doc you are the first streamer i subscribed to keep up the intensity you are number 1 
187.0,59168daac8e841ae04247b4dbc5e9bf297995a44,d796e72dcb540b160de1c9d6e93fc796a39bad34 they didnt only win they dominated 
188.0,026e91d6e4dc71c216032fb61aeb4193b6f48c7b,6c559cb8ab78bdb230a256371461ac06859e4ee9 watch your stupid doctorflappin doctorflappin when you're talkin about the 2x 
189.0,ffbb9edbb45782ba4aaa28a4b001b4c58751b745,giveaway 
189.0,60d73ee36006512adaaf27484d84ed8c98c36c19,you mean naval 
191.0,b33c9bb6dd819a2683d1c196cedf2229ce0b037c,doctoroneshot 
191.0,35434d9586db20084cf36b3e00aa26ed0dafb4d8,837e91f4ac3610ebf6f4f11357701fdeb040253d yayayayayayayaaya 
192.0,badd7c3abf64bfbeb34c608e1f5ffae8fc5c048e,dirty belly buttons in the chat 
192.0,423181548f02e26f436f08c880d670f7a92e3c70,whattime is it doc 
192.0,ef7152c2bccbcb4f7dba097e6641489f6277799a,friday 
193.0,6f546915891e8e5e28c9005f4e20f6aef7db1b80,4a66d99ed4c0af6ca2093197d80efb886b483266 what do you drive when the lambo is getting worked on 
193.0,89d8ffe75d83ed8915961f8811cfcd4bb26a6929,giveaway 
194.0,c2566e0d539b20d593ba27b951be5e8a0354d942,doctorkarate 
194.0,9ef8b6ca80545c7154bdf96e87b84ddf5b275e78,doctorhandshake doctorhandshake doctorhandshake to all the fellow members of the champion's club 
194.0,375a6cc16942b805eaa9926b05527c9697c255a6,ohh ill take it 
195.0,74b701abad49d9bd2faa50f2b041846526214ca3,giveaway 
195.0,986ff474a48e2d9015d98f5f8cbbb1215832802a,giveaway 
196.0,3f11326851d9bf95b937f19487e25a9482e04d15,yes they won it came down to a pan fight and doc no scoped him lul 
197.0,4a9bbe86ab357f2f967e28fffa62855d33192f1b,giveaway 
199.0,81110c59ac479a4e368381af414e94ffb484af05,giveaway 
199.0,759f5ce8fecf2121d99377c4e07855a711b80ec9,pogchamp pogchamp takenrg takenrg 
200.0,4b11e7b8d9dc59ccdd7a1daddb085a51f00cf19e,giveaway 
201.0,d8df7c254cd4eb3b06de4eff5ba32bd2da6769f5,giveaway 
201.0,aa0feb1bf1bbc0da1facd09d846b9aeb5c1ec621,giveaway 
201.0,c43f1aafd64c1d3e786f39ea19130ea7aebbe9e6,giveaway 
202.0,300e88bcbda3dac5dfc4c387eceb81960c721287,igiveaway 
202.0,091c46a6e8cb7a77ba37f7d28429a3eaa0d848a1,doctorwarcry doctorwarcry doctorwarcry doctorwarcry doctorwarcry doctorwarcry doctorwarcry doctorwarcry doctorwarcry doctorwarcry doctorwarcry doctorwarcry 
202.0,ea9aebfd5999c202140226ee5aabea16516eb10c,lul 
202.0,6188b21df55d8d2088c24059b2d246da79e01752,giveaway 
203.0,866517f60ec4536b21fcb3a80c2a305c1846992f,giveaway 
204.0,0d6c9b22fcf012ae381e8b9ac44f4c772fc2ba71,giveaway 
204.0,26f7da7cd8fe60943ade8da184264ee393cbb697,shroudwat shroudwat shroudwat 
205.0,3b4b6b2d0f555ce9465b029094235b5e67b13ca9,giveway doctorspit doctorspit 
205.0,e25153916333519f379320ea905aa988c7f9bae1,4a66d99ed4c0af6ca2093197d80efb886b483266 this is what we're doing to get back to the top of twitch giveaways cmon doc 
205.0,4743de94849bdee69a46530c94e47fc14fb374f3,doctorcommitted1 doctorcommitted2 doctorcommitted1 doctorcommitted2 doctorcommitted1 doctorcommitted2 
205.0,1bb915757d2316b621f1ba540503c600574c974d,giveaway 
206.0,ad62f42ef45031a9a43e8843dc893b3554577aa8,doctoryaya doctoryaya doctoryaya doctoryaya doctoryaya doctoryaya 
206.0,76779b509557000e94f732ad53ca70bde8f99196,giveaway 
206.0,f91e1c1820dd0a78d255ffa261b4a163a0ef0cc2,giveaway 
206.0,05ef4a3af0447b69cd227d45473efac2712b80bd,hahah i just tried to mark the map 
207.0,e3eb6b02a611998b745dcfff8c3665e2193de837,giveaway 
207.0,075d5966444d6d7104c76c46139aa2bb1a0d5232,giveaway 
207.0,b29cdaeb0f708326048a9c52a96120236ec83a3c,i already won it doctorthink 
208.0,f0fe149d97b17606245e0db99d20edeff0127fe0,gimme gimme gimme 
208.0,25289d9e5627be6508dcb1c6b1f65de0a2f2f157,giveaway 
208.0,e0932544429498e328275a4ceda129d6065a5cbc,uptime 
208.0,fa5c14a6a410b5b1b14f3a398a950d42ca062fcc,giveaway 
208.0,1e37a24136da24baf3f6a2c264e828f3949eab45,giveaway 
209.0,579750d2397b4d645a081600e598f6b2f3c8583c,sumpin has happin 
209.0,157acf02682e0ce6a5eed8de12c5f5ba001411d7,giveaway 
210.0,59168daac8e841ae04247b4dbc5e9bf297995a44,on friday the hype is real 
211.0,0834519dcf39bfcc487d108a253fb81dc7c11e66,giveaway 
212.0,3f11326851d9bf95b937f19487e25a9482e04d15,giveaway 
212.0,d1e569a27650f2d88b7565c9ed0fe896afe4f36b,giveaway 
213.0,87d760f43e9681d4c58903dfd34bb620e246df17,giveaway 
213.0,8e859b83047624ba295121930ef422c483cee155,giveaway 
213.0,3da237cd05718189f655f4767c812ded1edf4e65,giveaway 
214.0,1060eca84f0f59648daa4b6230991150bbefe828,china numba 1 
214.0,fb0d6e48dc35c2f87ff30aa4c3f7350d13464e35,docs been x2 time like forever lul 
214.0,1a3cd25aec8344c82cf2e81a82e75254b074ce85,kum ta ma wei 
214.0,5d2a53e95e39a466e99f846c37a9882b34e4b6f8,yugo 
215.0,329f3aaeb6f856e60414a3f96adff46f6cd5e9bc,giveaway 
216.0,ffadcbae05f0e6dabc9d1573a79cdb372e43a231,giveaway 
216.0,90de24214f85463cc5a5362710816004a0d84245,giveaway 
216.0,b481dbcf9d38d7e65475c501ebc74bf02bbb456c,quote of the day did not get quote of the day doctorthink 
217.0,8ded7f121832e2d7380e7ac59d3ba344ed422080,giveaway 
217.0,300e88bcbda3dac5dfc4c387eceb81960c721287,giveaway 
218.0,14e19743bbba8c470b0b40bdb35fbc477a43b479,giveaway 
218.0,61676495ef772cf7aa9889f21c7f7da1db3061a4,kung pao 
218.0,ffbb9edbb45782ba4aaa28a4b001b4c58751b745,the command just explains it - it's not until friday 
218.0,986ff474a48e2d9015d98f5f8cbbb1215832802a,wutface 
218.0,eb020d27c6097a435ff8c56fe534f05b735ab1bf,how is he deciding the give away 
218.0,7515d8ccb9cd0f8c22e4bdeef95207ce8164ad31,here we go lul lul lul 
219.0,ea9aebfd5999c202140226ee5aabea16516eb10c,giveitawaygiveitawaygiveitawaygiveitawaynow 
219.0,90898df9edefedc3bf2f63c053763ab2f6e076c5,giveaway 
220.0,ef924dcd2dbcfd83e77d8a0ff0ceb9fcd88f9f31,giveaway 
220.0,f7a11b44a6d3dcea836fa13c9133de1373e2d5e9,lmao 
220.0,60d73ee36006512adaaf27484d84ed8c98c36c19,carlito 
220.0,374fa09ffdb6bc7997816899d5752c82d8de7357,giveaway 
221.0,4e5cf4cb857a341a92eeb8f10bee5c9b750b98df,the other lambo 
222.0,6f546915891e8e5e28c9005f4e20f6aef7db1b80,giveaway 
222.0,866517f60ec4536b21fcb3a80c2a305c1846992f,i'm going to win :) 
223.0,b4fa96eaa84227d98565969e512508fb2c7c3d8e,4a66d99ed4c0af6ca2093197d80efb886b483266 how do i enter the giveaway and is it international 
223.0,cf54dd26d38c568d02bce88462665f8eadad194f,the other lambo 
224.0,f1d6bdf11ca645ddad498f4a94f552d31cc82a7b,my other lambo 
224.0,026e91d6e4dc71c216032fb61aeb4193b6f48c7b,aka the prius 
224.0,05ef4a3af0447b69cd227d45473efac2712b80bd,giveaway 
224.0,4b11e7b8d9dc59ccdd7a1daddb085a51f00cf19e,i wouldnt doubt it 
225.0,b22094f666b078612907599ae8ccde85e95e86bd,giveaway 
225.0,759f5ce8fecf2121d99377c4e07855a711b80ec9,pogchamp pogchamp pogchamp lul 
225.0,b8ea437956743968c601fa81803a05091b3cf482,champions club is the best club to be in where else do you get that slick blazer and get a high five for rocking a mullet 
226.0,2bfd054c2590eb804fd2d4724f2efd5dad15d9aa,sub 
227.0,f7141cd04e8f03227fc6bcace62707ba6c2c3825,giveaway 
227.0,0472dea3c5bc86c58034e1a44f2e8a05708f443e,giveaway 
227.0,b8a679dbec430490f8a74fdac3d0d1dcbd13bc7b,doctorcommitted1 doctorcommitted2 
228.0,53df9a43c6aa51832d59c3e5b4bf136983a98f18,giveaway 
228.0,34668ac1a6eb490fbc9ab634442041d8c27cc719,giveaway 
229.0,f46ada7a64c836b1b4d01d8adcf623c4c664d738,giveaway 
229.0,807c90d62486e6530a0d7d6cac94e7a04ab55450,doctorlogo1 doctorlogo2 
231.0,9ef8b6ca80545c7154bdf96e87b84ddf5b275e78,your momma :face_with_tears_of_joy: :face_with_tears_of_joy: :face_with_tears_of_joy: 
231.0,8f7cb17d802ce571f282d12db6da0b13ce0cab5a,986ff474a48e2d9015d98f5f8cbbb1215832802a how you liking the lil crypto run lately she nice doctorwarcry 
232.0,5b15b63d18fb68e1e5b5ce54a97ff84e4b05416c,giveaway 
233.0,4427c4a63b7d9e1cacc552c3f20e4f274a5f7dd5,is that the island that luke skywalker lived at 
234.0,eb020d27c6097a435ff8c56fe534f05b735ab1bf,giveaway 
234.0,3b0c21677c4e7844b6abbea407e9052fba86cc5d,doctorwarcry doctorspit doctorwarcry doctorspit doctorwarcry doctorspit doctorwarcry doctorspit doctorwarcry doctorspit doctorwarcry doctorspit doctorwarcry doctorspit doctorwarcry doctorspit doctorwarcry doctorspit doctorwarcry doctorspit doctorwarcry doctorspit doctorwarcry doctorspit doctorwarcry doctorspit doctorspit 
234.0,ffbb9edbb45782ba4aaa28a4b001b4c58751b745,giveaway is friday 
235.0,ffbb9edbb45782ba4aaa28a4b001b4c58751b745,giveaway is friday 
235.0,81110c59ac479a4e368381af414e94ffb484af05,fb0d6e48dc35c2f87ff30aa4c3f7350d13464e35 stfu you red badged punk kid 
235.0,ffbb9edbb45782ba4aaa28a4b001b4c58751b745,giveaway is friday 
236.0,ffbb9edbb45782ba4aaa28a4b001b4c58751b745,giveaway is friday 
236.0,3b4b6b2d0f555ce9465b029094235b5e67b13ca9,reqcake reqf doctorvaseline doctorvaseline doctorvaseline 
237.0,ffbb9edbb45782ba4aaa28a4b001b4c58751b745,giveaway is friday 
238.0,60d73ee36006512adaaf27484d84ed8c98c36c19,grave digger doctornosedrip 
238.0,fc5c8739a42e3f2bf2d51adc13db217e0ef2239a,giveaway 
238.0,9cea877bfd37e880747f9e8a2c249f3cfd3074dc,giveaway 
239.0,6f546915891e8e5e28c9005f4e20f6aef7db1b80,giveaway 
239.0,0834519dcf39bfcc487d108a253fb81dc7c11e66,rauuuuullllll giveaway 
239.0,22a45f3e946c025a06619cd3ddb5523ade797fc5,doctorlambo pogchamp 
240.0,408fb1667df49dc0eb621ce5928b0ffb41b513e4,giveaway 
240.0,f7a11b44a6d3dcea836fa13c9133de1373e2d5e9,giveaway 
242.0,c2566e0d539b20d593ba27b951be5e8a0354d942,yay 
242.0,a478a7cc6376f5bdeef4a99f939cd3508da3e205,giveaway 
243.0,fd2404be06366c3b772e80717d65a2d425aa45bd,these chubby cheekers are get'n me down doc get'em outta here 
244.0,d0c73fed7e6cd6d022bd41197423bfe1d6db7f29,giveaway 
244.0,51e899d09b09ba6c7c6bfcd1cc6b321b98ab9ca0,monster truck actually gets better gas mileage than lambo 
244.0,59168daac8e841ae04247b4dbc5e9bf297995a44,quote of the day is always quote of the day doctorthink 
246.0,ea9aebfd5999c202140226ee5aabea16516eb10c,lul 
247.0,b481dbcf9d38d7e65475c501ebc74bf02bbb456c,lol 
248.0,907992bf0760d7217a05d97ea58d0dcb141f76aa,i call dibs on the laptop doctormrsassassinknife 
249.0,f9891fbae2901bdb16c58cb6929e338d5e924207,tonnnnnnnniiiiiiiiiiiiiiiiiiight on hollywood squares 
251.0,a08fae124779f3aaecf0893a8375fee999eb0385,no 
251.0,20fda7fbfa1ed93b706f7224f07a57a951dbc0af,giveaway 
252.0,badd7c3abf64bfbeb34c608e1f5ffae8fc5c048e,sixth sense spoilers wutface 
252.0,9cca5b63b72ece3d621237e2ed673d98003d828c,lul 
253.0,fb0d6e48dc35c2f87ff30aa4c3f7350d13464e35,doctorthroatpunch doctorskyhigh doctorthroatpunch 
253.0,53df9a43c6aa51832d59c3e5b4bf136983a98f18,doctorheart 
255.0,3b4b6b2d0f555ce9465b029094235b5e67b13ca9,doctor3 doctor6 doctor0 
255.0,ef7152c2bccbcb4f7dba097e6641489f6277799a,lol 
255.0,eb6223edfabde0625c69e5727b42e39552a5c718,giveaway 
256.0,af1f9675677e89f65433733a9a172abd4a0692c2,wasnt it osment 
256.0,297f6b683daac17edbfb03b0c31f79bd7cde70c8,giveaway 
258.0,f4ea90381b9906a07a73c784ab0d00997f27de33,mcally lul 
258.0,1060eca84f0f59648daa4b6230991150bbefe828,dead people pogchamp 
260.0,b29cdaeb0f708326048a9c52a96120236ec83a3c,hallie joel osmond 
260.0,4427c4a63b7d9e1cacc552c3f20e4f274a5f7dd5,haley joel osmont 
261.0,b46bd49299e192c959b7c1b021bff12046a78b5d,givaway kappa 
261.0,ea9aebfd5999c202140226ee5aabea16516eb10c,all doc has to say is giveaway to make the cc go nuts 
262.0,8447278399496bb5efda221774318c3d052d76aa,haha 
264.0,6f879d7f8e2b29997acc8fc130edbf9bcb11ae30,doctorthink 
265.0,cb744446482dd64084f185afe3f73ec1acb3e749,two game win streak not counting the ones they lost 
265.0,eb020d27c6097a435ff8c56fe534f05b735ab1bf,why is everyone typing that giveaway thing 
267.0,b481dbcf9d38d7e65475c501ebc74bf02bbb456c,osmit 
273.0,4e6dfaacd51a0ed254fdc138be90b1f545334f36,i mean honestly there should be a g-fuel sponsored monster truck modeled after the doc 
274.0,05743c5b6bfccbbe6fe6bd8f135f16c085ecd9d0,s12k doc 
274.0,9ef8b6ca80545c7154bdf96e87b84ddf5b275e78,they are all dead they just don't know it yet 
274.0,b93336ebf7738488fe93781b04b11b22617f590d,doctornda 
277.0,dfda3d338a5bbda9cc57833cef724128c30f1f2c,def malcukin 
280.0,fb0d6e48dc35c2f87ff30aa4c3f7350d13464e35,sk 
281.0,81110c59ac479a4e368381af414e94ffb484af05,eb020d27c6097a435ff8c56fe534f05b735ab1bf giveaway on friday 
281.0,4f9e443ee6e15883b1ce11eaf49f1b29980dd4ca,matrix 
282.0,7bee93b7a707a3006500ee1ccdb5bfcd3a5493ba,giveaway 
284.0,61676495ef772cf7aa9889f21c7f7da1db3061a4,walks right past gun 
285.0,1060eca84f0f59648daa4b6230991150bbefe828,eb020d27c6097a435ff8c56fe534f05b735ab1bf for the memes 
296.0,49eb22983d05749ad86bff7cc2b6efb6d45829b8,golden gun 
299.0,907992bf0760d7217a05d97ea58d0dcb141f76aa,giveaway is third tuesday of next week 
299.0,aa0feb1bf1bbc0da1facd09d846b9aeb5c1ec621,how to enter giveaway 
300.0,b8ea437956743968c601fa81803a05091b3cf482,thanks for the gifted sub 
301.0,f4ea90381b9906a07a73c784ab0d00997f27de33,the man w the golden gun 
302.0,a24fa1e2d9945a464201ec72c45bab14a1b24cf5,doctorgloat doctorgloat doctorgloat doctorgloat doctorgloat 
304.0,7c0485ac4f8d399dff34cefab1d5657801003fef,what doni have to do to win 
304.0,026e91d6e4dc71c216032fb61aeb4193b6f48c7b,yayayayyaa 
304.0,18c39240e9feb26b37ccd3bc31326ec678fcce8c,doctorgloat doctorgloat doctorgloat doctorgloat doctorgloat doctorgloat doctorgloat 
305.0,e4c4491f17b08fc763a951f394687172f0ba0acc,good for the doc 
307.0,0088da8fdfea128c3b186f64813f44bfbd634bdb,giveaway 
310.0,8e355afc6d0efc6363ed85460d02d5f906cc7549,matrix 
311.0,7be0b44f0242625bce325284e5e9465466ce32a2,is this golden eye 
311.0,4d714eafb40ded6246dc867c23666a7b7d560603,giveaway 
